拧钉协作臂：
    工具坐标系：
        以相机中心为工具：
            [0,-45,225,0,0.43,0]



双臂标定：
    拍照法兰：[-0.68891298,-0.0347185,0.54820448,1.985069,-0.519059,-2.083448] m/rad
    眼在法兰上：
        [-0.78093714,-0.6129527,0.12010925,76.374405]
        [0.61048436,-0.7896955,-0.06074494,164.49086]
        [0.1320835,0.025886832,0.9909008,20.342691]
        [0,0,0,1]    
    眼对臂2：
        [-0.987412,-0.01384510,-0.15756233,-17.010557]
        [0.14372057,0.3374213,-0.93031776,1199.7401]
        [0.066045254,-0.9412519,-0.33118406,712.55786]
        [0,0,0,1]

B1F -> cam
[-0.68891298,-0.0347185,0.54820448,1.985069,-0.519059,-2.083448]

天线盖板孔距
    104 * 94